100.0 100.0 0.0 0.0 0.0 0.0 0.0 0.0 0.0 0.0 120.0 90.0 0.0 0.4 0.0 0.0 0.0 0.0 0.0 0.0 95.0 100.0 0.0 0.2 0.0 0.0 0.0 0.0 0.0 0.0 85.0 100.0 0.0 0.6 0.0 0.0 0.0 0.0 0.0 0.0 0.0 1.0 1.0 1.0 1.0 1.0 2.0 2.0 1.0 1.0 1.0 1.0 2.0 0.0 1.0 1.0 1.0 1.0 1.0 1.0 1.0 1.0 1.0 1.0 0.0 0.0 1.0 0.0 1.0 0.0 0.0 0.0 0.0 0.0 0.0 0.0 1.0 
1
0.0 90.0 0.0 0.0 0.0 0.0 0.0 0.0 0.0 0.0 85.0 100.0 0.0 0.6 0.0 0.0 0.0 0.0 0.0 0.0 120.0 90.0 0.0 0.4 0.0 0.0 0.0 0.0 0.0 0.0 150.0 90.0 0.0 0.0 0.0 0.0 0.0 0.0 1.0 0.0 0.0 0.0 1.0 0.0 1.0 1.0 0.0 0.0 1.0 0.0 1.0 1.0 0.0 0.0 2.0 0.0 1.0 1.0 0.0 0.0 1.0 0.0 1.0 1.0 0.0 0.0 4.0 1.0 4.0 1.0 0.0 0.0 4.0 1.0 0.0 0.0 1.0 
1
95.0 100.0 0.0 0.0 0.0 0.0 0.0 0.0 0.0 0.0 95.0 100.0 0.0 0.2 0.0 0.0 0.0 0.0 0.0 0.0 85.0 100.0 0.0 0.6 0.0 0.0 0.0 0.0 0.0 0.0 120.0 90.0 0.0 0.4 0.0 0.0 0.0 0.0 0.0 0.0 0.0 0.0 0.5 1.0 1.0 1.0 0.0 0.0 0.5 1.0 1.0 1.0 0.0 0.0 1.0 1.0 1.0 1.0 0.0 0.0 2.0 1.0 1.0 1.0 0.0 1.0 4.0 1.0 4.0 1.0 4.0 1.0 4.0 1.0 0.0 0.0 1.0 
0
15.0 100.0 0.0 0.2 0.0 0.0 0.0 0.0 0.0 0.0 0.0 95.0 0.5 0.0 0.0 0.0 0.0 0.0 0.0 0.0 0.0 0.0 0.0 0.0 0.0 0.0 0.0 0.0 0.0 0.0 0.0 0.0 0.0 0.0 0.0 0.0 0.0 0.0 0.0 0.0 1.0 0.0 1.0 1.0 1.0 1.0 2.0 0.0 1.0 1.0 1.0 1.0 0.0 0.0 1.0 1.0 1.0 1.0 0.0 0.0 1.0 1.0 1.0 1.0 0.0 0.0 4.0 1.0 1.0 0.0 1.0 0.0 1.0 0.0 0.0 0.0 1.0 
0
140.0 90.0 0.0 0.0 0.0 0.0 0.0 0.0 1.0 0.0 150.0 90.0 0.0 0.0 0.0 0.0 0.0 0.0 1.0 0.0 100.0 100.0 0.0 0.0 0.25 0.0 0.0 0.0 0.0 0.0 120.0 85.0 0.0 0.3 0.0 0.0 0.0 0.0 0.0 0.0 0.0 0.5 1.0 1.0 1.0 1.0 0.0 1.0 1.0 1.0 1.0 1.0 0.0 1.0 1.0 1.0 1.0 1.0 0.0 1.0 1.0 1.0 1.0 1.0 1.0 1.0 4.0 1.0 0.0 0.0 4.0 1.0 0.0 0.0 1.0 0.0 1.0 
1
140.0 90.0 0.0 0.0 0.0 0.0 0.0 0.0 1.0 0.0 120.0 85.0 0.0 0.3 0.0 0.0 0.0 0.0 0.0 0.0 0.0 -1.0 1.0 0.0 0.0 0.0 0.0 0.0 0.0 0.0 150.0 90.0 0.0 0.0 0.0 0.0 0.0 0.0 1.0 0.0 0.0 1.0 0.0 1.0 1.0 1.0 0.0 0.5 0.0 1.0 1.0 1.0 0.0 1.0 0.0 1.0 1.0 1.0 0.0 1.0 0.0 1.0 1.0 1.0 1.0 0.0 4.0 1.0 0.0 0.0 0.0 0.0 1.0 0.0 0.0 0.0 1.0 
1
0.0 -1.0 0.0 0.0 -1.0 0.0 0.0 0.0 0.0 0.0 95.0 100.0 0.0 0.0 0.0 0.0 0.0 0.0 0.0 0.0 120.0 90.0 0.0 0.4 0.0 0.0 0.0 0.0 0.0 0.0 0.0 -1.0 2.0 0.0 0.0 0.0 0.0 0.0 0.0 0.0 0.0 0.0 0.0 0.0 1.0 1.0 0.0 0.0 0.0 0.0 1.0 1.0 0.0 0.0 0.0 0.0 1.0 1.0 0.0 0.0 0.0 0.0 1.0 1.0 0.0 0.0 4.0 1.0 0.0 0.0 4.0 1.0 1.0 0.0 0.0 0.0 1.0 
1
0.0 -1.0 2.0 0.0 0.0 0.0 0.0 0.0 0.0 0.0 120.0 85.0 0.0 0.3 0.0 0.0 0.0 0.0 0.0 0.0 85.0 100.0 0.0 0.6 0.0 0.0 0.0 0.0 0.0 0.0 70.0 100.0 0.0 0.0 0.0 0.0 0.0 0.0 0.0 0.0 1.0 1.0 1.0 1.0 1.0 1.0 1.0 1.0 1.0 1.0 1.0 1.0 1.0 1.0 1.0 1.0 1.0 1.0 1.0 1.0 1.0 1.0 1.0 1.0 1.0 0.0 1.0 0.0 0.0 0.0 0.0 0.0 0.0 0.0 0.0 0.0 0.0 
1
120.0 90.0 0.0 0.4 0.0 0.0 0.0 0.0 0.0 0.0 85.0 100.0 0.0 0.6 0.0 0.0 0.0 0.0 0.0 0.0 0.0 100.0 0.0 2.0 0.0 0.0 0.0 0.0 0.0 0.0 95.0 100.0 0.0 0.2 0.0 0.0 0.0 0.0 0.0 0.0 0.5 0.0 0.0 1.0 1.0 1.0 1.0 0.0 0.0 1.0 1.0 1.0 2.0 0.0 0.0 1.0 1.0 1.0 2.0 0.0 0.0 1.0 1.0 1.0 0.0 0.0 4.0 1.0 1.0 0.0 0.0 0.0 0.0 0.0 0.0 0.0 0.0 
1
