0.0 -1.0 1.0 0.0 0.0 0.0 0.0 0.0 0.0 0.0 0.0 75.0 0.0 2.0 0.0 0.0 0.0 0.0 0.0 0.0 40.0 100.0 0.0 0.0 -0.5 0.0 0.0 0.0 0.0 0.0 85.0 100.0 0.0 0.6 0.0 0.0 0.0 0.0 0.0 0.0 0.0 0.0 0.0 0.0 1.0 1.0 0.0 0.0 0.0 0.0 0.5 1.0 0.0 0.0 0.0 0.0 0.5 1.0 0.0 0.0 0.0 0.0 1.0 1.0 0.0 0.0 4.0 1.0 4.0 1.0 4.0 1.0 4.0 1.0 4.0 1.0 1.0 
1
0.0 55.0 0.0 3.0 0.0 0.0 0.0 0.0 0.0 0.0 80.0 100.0 0.0 0.0 0.0 0.0 0.0 0.0 0.0 0.0 0.0 100.0 0.0 2.0 0.0 0.0 0.0 0.0 0.0 0.0 85.0 100.0 0.0 0.6 0.0 0.0 0.0 0.0 0.0 0.0 0.0 1.0 1.0 1.0 1.0 1.0 0.0 0.5 1.0 1.0 1.0 1.0 0.0 1.0 1.0 1.0 1.0 1.0 0.0 1.0 1.0 1.0 1.0 1.0 1.0 0.0 4.0 1.0 0.0 0.0 0.0 0.0 0.0 0.0 1.0 0.0 0.0 
0
120.0 90.0 0.0 0.4 0.0 0.0 0.0 0.0 0.0 0.0 85.0 100.0 0.0 0.6 0.0 0.0 0.0 0.0 0.0 0.0 150.0 90.0 0.0 0.0 0.0 0.0 0.0 0.0 1.0 0.0 100.0 100.0 0.0 0.0 0.0 0.0 0.0 0.0 0.0 0.0 0.0 0.0 1.0 1.0 1.0 1.0 0.0 0.0 1.0 1.0 1.0 1.0 0.0 0.0 1.0 1.0 1.0 1.0 0.0 0.0 0.0 1.0 1.0 1.0 0.0 0.0 4.0 1.0 4.0 1.0 4.0 1.0 4.0 1.0 0.0 0.0 1.0 
1
55.0 95.0 0.0 0.0 0.0 0.0 0.0 0.0 0.0 0.0 0.0 75.0 0.0 3.0 0.0 0.0 0.0 0.0 0.0 0.0 85.0 100.0 0.0 0.6 0.0 0.0 0.0 0.0 0.0 0.0 0.0 -1.0 2.0 0.0 0.0 0.0 0.0 0.0 0.0 0.0 0.0 0.5 0.0 0.0 1.0 1.0 0.0 0.5 0.0 0.0 1.0 1.0 0.0 1.0 0.0 0.0 1.0 1.0 0.0 1.0 0.0 0.0 1.0 1.0 0.0 0.0 4.0 1.0 4.0 1.0 0.0 0.0 0.0 0.0 0.0 0.0 1.0 
1
0.0 -1.0 1.0 0.0 0.0 0.0 0.0 0.0 0.0 0.0 0.0 -1.0 2.0 0.0 0.0 0.0 0.0 0.0 0.0 0.0 70.0 100.0 0.0 0.0 0.0 0.0 0.0 0.0 0.0 0.0 150.0 90.0 0.0 0.0 0.0 0.0 0.0 0.0 1.0 0.0 1.0 0.0 1.0 1.0 1.0 1.0 1.0 0.0 1.0 1.0 1.0 1.0 1.0 0.0 1.0 1.0 1.0 1.0 1.0 0.0 1.0 1.0 1.0 1.0 0.0 0.0 0.0 0.0 0.0 0.0 1.0 0.0 0.0 0.0 0.0 0.0 0.0 
0
40.0 100.0 0.0 0.0 -0.5 0.0 0.0 0.0 0.0 0.0 0.0 75.0 0.0 2.0 0.0 0.0 0.0 0.0 0.0 0.0 0.0 75.0 0.0 3.0 0.0 0.0 0.0 0.0 0.0 0.0 90.0 100.0 0.33 0.0 0.0 0.0 0.0 0.0 0.0 0.0 0.0 0.25 1.0 1.0 1.0 1.0 0.0 0.25 1.0 1.0 1.0 1.0 0.0 0.25 1.0 1.0 1.0 1.0 0.0 2.0 1.0 1.0 1.0 1.0 0.0 0.0 4.0 1.0 0.0 0.0 4.0 1.0 4.0 1.0 0.0 0.0 0.0 
0
0.0 -1.0 2.0 0.0 0.0 0.0 0.0 0.0 0.0 0.0 95.0 100.0 0.0 0.1 0.0 0.0 0.0 0.0 0.0 0.0 120.0 85.0 0.0 0.3 0.0 0.0 0.0 0.0 0.0 0.0 85.0 100.0 0.0 0.6 0.0 0.0 0.0 0.0 0.0 0.0 1.0 1.0 1.0 1.0 1.0 1.0 0.5 1.0 1.0 1.0 1.0 1.0 0.5 1.0 1.0 1.0 1.0 1.0 1.0 1.0 1.0 1.0 1.0 1.0 1.0 0.0 0.0 0.0 1.0 0.0 0.0 0.0 1.0 0.0 0.0 0.0 0.0 
0
150.0 90.0 0.0 0.0 0.0 0.0 0.0 0.0 1.0 0.0 340.0 100.0 0.0 0.0 1.0 0.0 0.0 0.0 0.0 0.0 120.0 90.0 0.0 0.4 0.0 0.0 0.0 0.0 0.0 0.0 95.0 100.0 0.0 0.0 0.0 0.0 0.0 0.0 0.0 0.0 0.0 0.0 1.0 0.0 1.0 1.0 0.0 0.0 1.0 0.0 1.0 1.0 0.0 0.0 1.0 0.0 1.0 1.0 0.0 0.0 1.0 0.0 1.0 1.0 0.0 0.0 4.0 1.0 4.0 1.0 4.0 1.0 0.0 0.0 0.0 0.0 0.0 
0
0.0 -1.0 2.0 0.0 0.0 0.0 0.0 0.0 0.0 0.0 120.0 85.0 0.0 0.3 0.0 0.0 0.0 0.0 0.0 0.0 85.0 100.0 0.0 0.6 0.0 0.0 0.0 0.0 0.0 0.0 95.0 100.0 0.0 0.1 0.0 0.0 0.0 0.0 0.0 0.0 0.5 2.0 0.0 1.0 1.0 1.0 1.0 2.0 0.0 1.0 1.0 1.0 1.0 1.0 0.0 1.0 1.0 1.0 1.0 2.0 0.0 1.0 1.0 1.0 0.0 0.0 4.0 1.0 4.0 1.0 4.0 1.0 4.0 1.0 4.0 1.0 1.0 
0
100.0 100.0 0.0 0.0 0.25 0.0 0.0 0.0 0.0 0.0 110.0 70.0 0.0 0.2 0.0 0.0 0.0 0.0 0.0 0.0 95.0 100.0 0.0 0.2 0.0 0.0 0.0 0.0 0.0 0.0 0.0 100.0 0.0 2.0 0.0 0.0 0.0 0.0 0.0 0.0 1.0 0.0 1.0 1.0 1.0 1.0 0.5 0.0 2.0 1.0 1.0 1.0 0.5 0.0 2.0 1.0 1.0 1.0 0.5 0.0 2.0 1.0 1.0 1.0 0.0 1.0 4.0 1.0 0.0 0.0 0.0 0.0 0.0 0.0 0.0 0.0 1.0 
1
